2.4e-01,-3.0e-01,1.1e+00,1.2e-01,-1.2e+00,-2.1e-01,2.0e-01,1.2e+00,2.0e+00,-1.0e+00
-1.2e+00,-2.8e+00,1.8e+00,-7.2e-02,-1.2e+00,1.6e-01,1.5e+00,5.4e-01,1.5e-01,-2.0e+00
1.1e+00,-6.1e-02,9.0e-02,1.6e+00,-9.5e-01,1.9e+00,-2.2e+00,-2.1e+00,2.9e+00,-1.0e+00
6.4e-01,-3.4e-02,8.8e-01,1.9e-01,1.5e+00,-2.9e-02,-5.2e-01,-8.0e-01,-1.9e+00,4.4e-01
-4.3e-01,-1.2e+00,1.0e+00,-9.7e-02,-9.1e-01,-6.6e-01,4.6e-01,-1.8e-01,1.3e+00,-1.2e-01
-1.4e+00,1.5e+00,4.4e-01,-1.5e-02,-8.2e-03,-9.1e-01,-1.3e+00,-1.1e+00,1.2e+00,2.6e-01
-1.5e+00,-5.5e-01,-1.1e+00,-1.6e+00,-1.0e+00,8.5e-01,-2.1e-01,6.3e-01,-1.6e-01,-2.7e-01
-2.1e+00,3.5e-01,4.9e-01,1.1e-01,1.3e+00,-4.3e-01,1.9e-01,-7.0e-01,-2.5e+00,-6.3e-01
-4.0e-01,-8.3e-01,-2.4e-01,5.1e-01,-6.7e-01,3.2e-01,-5.6e-01,-7.4e-01,-2.0e-01,-1.3e+00
-1.1e+00,-7.4e-01,-5.2e-01,4.7e-01,8.7e-01,-6.2e-01,-7.3e-01,-1.6e+00,-1.3e+00,-5.0e-01
